vision_x,vision_y,vision_z,mocap_x,mocap_y,mocap_z,quad_x,quad_y,quad_z,quad_roll,quad_pitch,quad_yaw,error_x,error_y,error_z,trans_x,trans_y,trans_z,t
1.35361,0.689634,1.46935,1.36265,0.702348,1.4593,-0.671295,0.717077,1.8121,0.00525129,0.0227135,-0.00045125,0.00904334,0.012714,-0.0100498,-2.03395,0.0147294,0.352796,1656960275
1.3531,0.691671,1.46444,1.3628,0.702369,1.45928,-0.598282,0.720169,1.81105,-0.000965044,0.00473789,-0.0044299,0.00969958,0.0106982,-0.00515974,-1.96108,0.0177995,0.351771,1656960275
1.35285,0.663565,1.48179,1.36287,0.702368,1.45927,-0.516297,0.714334,1.80916,0.0126259,-0.00175767,0.00346828,0.0100183,0.0388037,-0.0225235,-1.87916,0.0119658,0.349889,1656960276
1.33938,0.671928,1.46555,1.36266,0.702363,1.4593,-0.481125,0.710979,1.80661,0.013501,7.17312e-06,8.92946e-05,0.023277,0.0304349,-0.00625098,-1.84378,0.00861549,0.34731,1656960276
1.33489,0.690901,1.44838,1.36265,0.702309,1.45941,-0.468718,0.712126,1.80504,0.00591027,0.00688781,-0.0047915,0.0277597,0.0114077,0.0110348,-1.83136,0.00981671,0.345626,1656960277
1.33217,0.674398,1.47116,1.36283,0.702389,1.45928,-0.464622,0.71338,1.80567,0.00304143,0.0027796,0.00343115,0.0306544,0.0279914,-0.0118774,-1.82745,0.0109904,0.346386,1656960277
1.32688,0.689714,1.45255,1.36248,0.702293,1.45941,-0.464579,0.714944,1.80476,0.00645441,0.0136213,-0.0053578,0.0355943,0.0125787,0.00686228,-1.82705,0.0126514,0.34535,1656960277
1.32551,0.691018,1.4599,1.36269,0.702335,1.45937,-0.466056,0.7169,1.80602,0.00638786,0.0135772,-0.00474039,0.0371819,0.0113168,-0.000536561,-1.82875,0.0145652,0.346653,1656960278
1.32727,0.682648,1.47326,1.36285,0.702363,1.45929,-0.469859,0.723377,1.80773,0.00656412,0.00514232,0.0025783,0.0355767,0.019715,-0.0139717,-1.83271,0.0210143,0.348442,1656960278
1.33724,0.683882,1.46579,1.3627,0.702344,1.4594,-0.473448,0.731567,1.80798,0.00761769,0.00765282,-0.00775681,0.0254666,0.0184621,-0.00639284,-1.83615,0.0292227,0.348578,1656960278
1.33469,0.682679,1.46679,1.36264,0.702306,1.45938,-0.476818,0.738476,1.80591,-0.00220839,0.000898721,0.000726309,0.0279468,0.0196269,-0.00740576,-1.83946,0.0361697,0.346534,1656960278
1.33137,0.681908,1.46608,1.36286,0.70234,1.45928,-0.482434,0.745403,1.80597,-0.00217634,0.0165891,-0.00128017,0.0314914,0.0204314,-0.00680375,-1.84529,0.0430634,0.346695,1656960279
1.32869,0.683286,1.46563,1.3628,0.702339,1.45925,-0.486171,0.750396,1.80586,0.00635952,0.0147527,0.00240661,0.0341123,0.0190533,-0.00637448,-1.84897,0.0480567,0.346609,1656960279
1.32777,0.68504,1.46696,1.36261,0.702299,1.45936,-0.48527,0.753955,1.80589,0.00703784,0.0143602,-0.00308674,0.0348376,0.0172588,-0.00759161,-1.84788,0.0516555,0.346529,1656960279
1.32743,0.684096,1.47079,1.36262,0.702324,1.45939,-0.483131,0.756765,1.80514,-0.00210548,0.00633835,0.00231644,0.0351967,0.018228,-0.0113993,-1.84575,0.0544416,0.345755,1656960279
1.3273,0.685937,1.47154,1.36283,0.702361,1.45926,-0.481604,0.759392,1.8054,-0.00156395,0.00596296,-0.00659611,0.0355324,0.0164241,-0.0122718,-1.84444,0.0570311,0.346139,1656960280
1.32736,0.685747,1.47295,1.36262,0.702277,1.45939,-0.481418,0.760575,1.80429,-0.00404416,0.00963867,-0.010552,0.0352648,0.0165301,-0.0135565,-1.84404,0.0582979,0.344902,1656960280
1.32782,0.68455,1.4739,1.36265,0.702314,1.45941,-0.48104,0.759748,1.80348,0.00253846,0.0119896,-0.0136286,0.0348297,0.017764,-0.0144944,-1.84369,0.0574341,0.344076,1656960280
1.32798,0.682821,1.4724,1.3626,0.702296,1.45935,-0.479496,0.753341,1.80233,0.00295994,0.0134114,-0.00947944,0.0346144,0.0194745,-0.0130503,-1.84209,0.0510456,0.342984,1656960280
1.32847,0.679295,1.4737,1.3628,0.702317,1.45924,-0.477439,0.745348,1.80238,0.00769589,0.0068083,-0.00662596,0.0343312,0.0230213,-0.014454,-1.84024,0.0430313,0.34314,1656960281
1.3285,0.679448,1.47172,1.36262,0.702291,1.45938,-0.476698,0.73914,1.80203,0.00723223,0.0120105,-0.014471,0.0341127,0.0228438,-0.0123366,-1.83931,0.036849,0.342654,1656960281
1.32937,0.678268,1.47375,1.36265,0.702308,1.45939,-0.477248,0.729189,1.80288,0.00953838,0.0114275,-0.0115385,0.0332834,0.0240403,-0.0143635,-1.8399,0.0268804,0.343494,1656960281
1.32959,0.677297,1.47286,1.36266,0.702331,1.4594,-0.477132,0.719431,1.80372,0.0129014,0.010369,-0.00728583,0.0330704,0.0250342,-0.0134518,-1.83979,0.0171001,0.344315,1656960281
1.32944,0.67629,1.47147,1.36283,0.702348,1.45925,-0.476407,0.713229,1.80745,0.0101349,0.0139386,-0.00337403,0.033392,0.0260576,-0.0122213,-1.83924,0.010881,0.348202,1656960282
1.32947,0.674222,1.47123,1.36269,0.70236,1.45934,-0.474828,0.710733,1.81023,-0.000192558,0.00335448,0.0129015,0.0332112,0.0281385,-0.0118887,-1.83751,0.00837332,0.350889,1656960282
1.32898,0.672004,1.46919,1.36262,0.702241,1.45936,-0.475203,0.709459,1.81016,0.0113681,0.0118644,0.00713342,0.0336387,0.0302364,-0.00983095,-1.83782,0.00721812,0.350796,1656960282
1.32908,0.670512,1.46995,1.36286,0.702374,1.45927,-0.475851,0.709495,1.81029,0.00481454,0.00583252,0.0119189,0.0337812,0.031862,-0.0106765,-1.83871,0.00712121,0.351019,1656960283
1.32879,0.670972,1.46946,1.36261,0.702293,1.45934,-0.477538,0.712,1.80853,0.0114765,0.00873091,0.00392787,0.0338236,0.0313211,-0.0101233,-1.84015,0.00970703,0.349185,1656960283
1.32886,0.672272,1.47135,1.36281,0.702369,1.45924,-0.479647,0.715036,1.8098,-0.00134712,0.00332254,0.0108611,0.0339482,0.0300972,-0.0121093,-1.84246,0.012667,0.35056,1656960283
1.32874,0.674081,1.4718,1.36264,0.702309,1.45933,-0.481817,0.719014,1.81147,0.00488136,0.00085428,0.00882973,0.0338988,0.0282282,-0.0124708,-1.84446,0.0167055,0.352139,1656960283
1.32858,0.674954,1.47307,1.36248,0.702273,1.45941,-0.485327,0.72495,1.81293,0.00876519,0.00621321,0.00275976,0.0338951,0.0273189,-0.0136616,-1.8478,0.0226768,0.353525,1656960284
1.32768,0.678151,1.47144,1.36279,0.702311,1.45923,-0.49344,0.741911,1.81582,0.0106112,0.0130921,-0.00335106,0.0351096,0.0241596,-0.0122079,-1.85623,0.0396003,0.356586,1656960284
1.32711,0.680595,1.47085,1.36265,0.702301,1.45935,-0.503502,0.763458,1.81629,-0.000759536,0.0145826,-0.00017915,0.0355343,0.0217063,-0.0115005,-1.86615,0.0611571,0.356942,1656960284
1.32677,0.683109,1.47018,1.36278,0.70234,1.45931,-0.50575,0.773212,1.81543,-0.00481894,0.0186607,-0.0106923,0.0360004,0.0192316,-0.0108685,-1.86853,0.0708717,0.356124,1656960285
1.32656,0.684289,1.46948,1.36267,0.702285,1.45938,-0.504783,0.778185,1.8158,-0.00972252,0.00930753,0.00450904,0.0361086,0.0179952,-0.0101087,-1.86745,0.0759004,0.356425,1656960285
1.32722,0.68421,1.47015,1.36283,0.702384,1.45925,-0.502253,0.779439,1.8136,-0.00123938,0.0109698,0.00165343,0.0356165,0.0181742,-0.0108949,-1.86509,0.0770556,0.354343,1656960285
1.32759,0.683065,1.46997,1.36266,0.702297,1.45933,-0.499617,0.775017,1.81216,-0.00610719,0.00305945,0.00567125,0.0350618,0.0192328,-0.0106392,-1.86227,0.0727201,0.352822,1656960285
1.32785,0.680025,1.46967,1.36292,0.702428,1.45923,-0.498111,0.767054,1.81028,-0.00318859,0.00874046,0.00853563,0.0350636,0.0224026,-0.0104394,-1.86103,0.0646262,0.351043,1656960286
1.32805,0.678481,1.47049,1.36278,0.70235,1.45924,-0.494577,0.747619,1.80738,0.00476262,0.00629959,0.0058425,0.0347363,0.0238696,-0.0112572,-1.85736,0.0452684,0.348146,1656960286
1.32842,0.677318,1.4685,1.36289,0.702405,1.4592,-0.487004,0.719784,1.80556,0.0126339,0.00537523,0.00812514,0.0344689,0.0250869,-0.00929463,-1.84989,0.0173791,0.346363,1656960287
1.32885,0.675693,1.46989,1.36276,0.702387,1.45932,-0.484958,0.713775,1.80499,0.00586813,0.00220918,0.00504817,0.0339042,0.0266937,-0.0105693,-1.84771,0.0113885,0.345666,1656960287
1.32994,0.671793,1.47103,1.36264,0.70226,1.4593,-0.484519,0.710944,1.8047,0.0099593,0.00704801,0.00581192,0.0327038,0.0304677,-0.0117238,-1.84716,0.00868332,0.345398,1656960287
1.3308,0.669109,1.47293,1.36273,0.702374,1.45934,-0.484671,0.710794,1.80507,0.00949902,0.00517245,0.00441292,0.0319291,0.0332653,-0.0135938,-1.8474,0.00842017,0.345728,1656960287
1.33114,0.667416,1.47318,1.36289,0.702433,1.45923,-0.486648,0.714608,1.80299,0.00419498,0.00891588,-0.00480087,0.0317466,0.0350167,-0.013953,-1.84954,0.012175,0.343763,1656960288
1.3304,0.667552,1.47106,1.36276,0.702373,1.45932,-0.490155,0.717298,1.80267,0.0070169,0.0123132,9.70957e-05,0.0323539,0.0348209,-0.0117371,-1.85291,0.0149251,0.34335,1656960288
1.3299,0.668432,1.47167,1.36281,0.702359,1.45932,-0.494796,0.725876,1.80126,0.00309881,0.0167982,-0.0049099,0.0329099,0.033927,-0.0123482,-1.85761,0.0235167,0.341937,1656960288
1.3297,0.672067,1.47129,1.36275,0.702385,1.45919,-0.493068,0.732831,1.80135,-0.00364843,0.0175018,-0.016974,0.0330505,0.0303178,-0.012098,-1.85582,0.0304461,0.342158,1656960289
1.32999,0.675032,1.47229,1.36289,0.70239,1.45917,-0.489066,0.734645,1.80247,0.00120102,0.0150237,-0.0126283,0.0329033,0.0273584,-0.0131173,-1.85196,0.0322554,0.343296,1656960289
1.32935,0.67649,1.46618,1.36278,0.702364,1.45932,-0.479388,0.729122,1.80408,0.0103337,0.0319246,-0.00917413,0.0334313,0.0258734,-0.0068624,-1.84217,0.0267588,0.344767,1656960289
1.33047,0.67894,1.46662,1.36294,0.702409,1.45917,-0.458086,0.722156,1.80464,-0.00522836,0.0416869,-0.0110664,0.0324717,0.0234696,-0.0074507,-1.82103,0.0197472,0.345472,1656960290
1.33409,0.679277,1.46829,1.3628,0.702322,1.45919,-0.419838,0.713483,1.80354,0.00073421,0.0165489,-0.00220531,0.0287098,0.0230443,-0.0090971,-1.78263,0.0111609,0.344348,1656960290
1.33715,0.679405,1.4684,1.36277,0.702364,1.45931,-0.375994,0.704999,1.80358,0.00691693,0.0130414,0.00330013,0.0256214,0.0229598,-0.00909436,-1.73876,0.00263464,0.344269,1656960290
1.34062,0.679523,1.46949,1.36293,0.702419,1.45917,-0.330373,0.701948,1.80362,0.00151612,-0.00466579,0.00801005,0.0223051,0.0228961,-0.0103272,-1.6933,-0.000471294,0.344457,1656960290
1.34363,0.678117,1.47175,1.36287,0.702369,1.45923,-0.287034,0.701762,1.80487,0.00165772,-0.00385789,0.00771919,0.0192357,0.0242527,-0.012517,-1.6499,-0.000606954,0.345639,1656960291
1.34612,0.680234,1.4732,1.36269,0.70227,1.45928,-0.259494,0.703971,1.80608,-0.00862739,-0.000633584,-0.00246206,0.01657,0.0220354,-0.0139188,-1.62219,0.00170147,0.346806,1656960291
1.34791,0.67857,1.47474,1.36258,0.702273,1.45928,-0.2378,0.701147,1.80835,0.00510167,-0.00654358,0.0121796,0.0146768,0.0237029,-0.0154587,-1.60038,-0.00112534,0.349071,1656960291
1.3484,0.67779,1.47542,1.36297,0.702409,1.45921,-0.224141,0.702611,1.80998,0.00636552,0.00107286,-0.00232571,0.0145683,0.0246197,-0.0162178,-1.58711,0.000201404,0.350778,1656960291
1.34791,0.677546,1.47484,1.36276,0.702345,1.45929,-0.215903,0.70424,1.81085,0.00441266,0.00780292,0.00238818,0.0148408,0.0247996,-0.0155534,-1.57866,0.00189477,0.351562,1656960292
1.34798,0.679075,1.47908,1.36279,0.702351,1.45929,-0.210764,0.704879,1.8104,0.00337668,0.00701915,-0.00478779,0.0148189,0.0232765,-0.0197864,-1.57356,0.00252765,0.351108,1656960292
1.34612,0.678616,1.4809,1.36269,0.702287,1.45931,-0.209243,0.70645,1.81105,0.00262472,-0.000508648,-0.00167423,0.0165691,0.0236715,-0.0215889,-1.57194,0.00416237,0.351747,1656960292
1.34156,0.680731,1.47789,1.36293,0.70234,1.45927,-0.209668,0.711125,1.80823,-0.0013218,0.00845997,-0.00795988,0.0213685,0.0216089,-0.0186211,-1.57259,0.00878453,0.348967,1656960293
1.33736,0.683979,1.47709,1.36302,0.702387,1.4592,-0.21231,0.718321,1.8071,0.00131551,0.0156088,-0.0104084,0.0256581,0.0184082,-0.0178845,-1.57533,0.0159333,0.347902,1656960293
1.33319,0.685378,1.4762,1.36276,0.702374,1.45931,-0.213331,0.726473,1.80658,-0.00413696,0.00486979,-0.00337238,0.0295734,0.0169961,-0.0168856,-1.5761,0.0240989,0.347266,1656960293
1.32944,0.685938,1.47549,1.36277,0.702339,1.45927,-0.215643,0.729111,1.8069,-0.00188061,0.010433,-0.00384927,0.0333301,0.0164006,-0.0162197,-1.57841,0.0267719,0.347635,1656960294
1.32658,0.684867,1.4753,1.36282,0.702299,1.45919,-0.218456,0.729484,1.80641,-0.00428465,0.0140743,-0.00523757,0.0362399,0.017432,-0.0161113,-1.58128,0.0271854,0.347215,1656960294
1.32426,0.687699,1.47389,1.36276,0.702323,1.45933,-0.219824,0.728552,1.80626,-0.00315104,0.0114405,-0.0073485,0.0385032,0.0146239,-0.0145653,-1.58259,0.0262286,0.346934,1656960294
1.32258,0.687238,1.47294,1.36278,0.702351,1.45929,-0.222553,0.72631,1.80716,-0.00115741,0.0132133,-0.00469889,0.0401978,0.0151129,-0.0136453,-1.58533,0.0239587,0.347872,1656960294
1.32205,0.687498,1.47376,1.36293,0.702373,1.45917,-0.224806,0.724588,1.80894,0.00251148,0.013064,-0.00313683,0.0408754,0.0148746,-0.0145938,-1.58773,0.0222149,0.349777,1656960295
1.32188,0.687864,1.47409,1.36294,0.702415,1.45918,-0.22592,0.723256,1.81132,-0.00107047,0.0141168,-0.0106059,0.0410578,0.0145513,-0.0149078,-1.58886,0.0208413,0.352136,1656960295
1.32142,0.688663,1.4722,1.36285,0.702352,1.45926,-0.227004,0.722892,1.81273,-0.00268003,0.0139562,-0.00981518,0.0414338,0.0136898,-0.0129385,-1.58986,0.0205399,0.353466,1656960295
1.32129,0.686885,1.47219,1.36277,0.702335,1.45929,-0.228561,0.721875,1.81387,-0.00833687,0.00899963,0.00126465,0.041485,0.0154499,-0.0128992,-1.59133,0.0195395,0.354578,1656960295
1.32168,0.684228,1.47305,1.36276,0.702332,1.45926,-0.229145,0.720461,1.81284,-0.000782992,0.00974959,0.00318595,0.0410874,0.018104,-0.0137889,-1.59191,0.0181289,0.353578,1656960296
1.32192,0.68535,1.4714,1.36303,0.702422,1.45915,-0.227939,0.720635,1.81064,-0.00132368,0.0127949,-0.00649057,0.0411133,0.0170718,-0.0122437,-1.59097,0.0182129,0.351484,1656960296
1.32248,0.686606,1.47083,1.36278,0.702332,1.45925,-0.225593,0.721219,1.80776,0.00718962,0.0102506,-0.00854183,0.040301,0.0157263,-0.0115802,-1.58838,0.0188863,0.348511,1656960296
1.3234,0.687618,1.47149,1.36274,0.702351,1.45925,-0.222756,0.724145,1.80506,-0.0047109,0.00564924,-0.00973097,0.0393368,0.0147327,-0.0122358,-1.58549,0.021794,0.345813,1656960296
1.32368,0.687963,1.4715,1.36282,0.702334,1.45929,-0.221427,0.728857,1.80281,0.00513027,0.00750929,-0.0148859,0.0391412,0.0143716,-0.0122064,-1.58425,0.0265223,0.343518,1656960296
1.32441,0.687809,1.4727,1.36278,0.702343,1.45927,-0.2216,0.732496,1.8023,-0.00998004,0.00551948,-0.00812914,0.038368,0.0145342,-0.0134244,-1.58438,0.0301529,0.343023,1656960297
1.32462,0.687331,1.47358,1.36266,0.702244,1.45925,-0.221204,0.734004,1.80249,-0.015528,0.00156593,-0.00514732,0.0380356,0.0149131,-0.0143294,-1.58386,0.0317601,0.343237,1656960297
1.32454,0.685219,1.47394,1.36277,0.702361,1.45929,-0.22164,0.729454,1.80164,-0.00333274,0.00856236,-0.00711921,0.0382234,0.0171419,-0.0146466,-1.58441,0.0270936,0.342346,1656960297
1.3247,0.68372,1.47362,1.36279,0.702355,1.45927,-0.221524,0.720263,1.80273,-0.000611516,0.0117335,-0.00735484,0.0380862,0.0186352,-0.014345,-1.58431,0.0179081,0.343453,1656960297
1.32516,0.68326,1.47417,1.36274,0.702356,1.45926,-0.221284,0.708605,1.80325,0.00949518,0.00873187,-0.00381413,0.0375777,0.0190953,-0.0149084,-1.58403,0.00624967,0.343985,1656960298
1.32527,0.683177,1.47445,1.36265,0.702269,1.45928,-0.222303,0.700765,1.80262,0.00680125,0.00111569,0.00335341,0.0373787,0.0190918,-0.0151668,-1.58495,-0.00150365,0.343339,1656960298
1.32415,0.681969,1.47391,1.36266,0.702267,1.45931,-0.231279,0.697363,1.80263,0.00598575,0.0094356,0.00580169,0.0385181,0.0202978,-0.0146085,-1.59394,-0.00490397,0.343319,1656960298
1.32261,0.682693,1.47254,1.36279,0.702343,1.45917,-0.243926,0.702208,1.80385,-9.43925e-05,0.022419,-0.00118417,0.0401856,0.0196498,-0.0133626,-1.60672,-0.000135362,0.344675,1656960299
1.32156,0.682845,1.47231,1.36256,0.702316,1.45929,-0.252318,0.708377,1.80594,0.00248837,0.0197116,-0.00171583,0.0409976,0.0194712,-0.0130194,-1.61488,0.00606054,0.346643,1656960299
1.32119,0.681995,1.47341,1.36273,0.702313,1.45924,-0.255407,0.715333,1.80812,-0.00140616,0.0160078,0.00513231,0.0415372,0.0203179,-0.0141648,-1.61814,0.0130202,0.34888,1656960299
1.32119,0.684101,1.47301,1.36268,0.702269,1.45926,-0.254636,0.722703,1.8095,-0.000215484,0.0176731,-0.011013,0.0414826,0.0181674,-0.013749,-1.61731,0.020434,0.350233,1656960299
1.32145,0.686554,1.47246,1.36276,0.702366,1.45925,-0.252235,0.728925,1.80995,-0.000431127,0.0136058,-0.0113757,0.0413063,0.0158117,-0.0132061,-1.61499,0.0265597,0.3507,1656960300
1.32187,0.688584,1.4724,1.36279,0.702339,1.45927,-0.249548,0.735269,1.80984,-0.00138576,0.010783,-0.0106209,0.0409155,0.0137553,-0.0131218,-1.61234,0.0329305,0.350571,1656960300
1.32233,0.689281,1.47367,1.36277,0.702348,1.45932,-0.246791,0.74041,1.80933,-0.00164997,0.00476842,-0.00754119,0.04044,0.0130671,-0.0143479,-1.60956,0.0380622,0.350005,1656960300
1.3222,0.691929,1.47263,1.36274,0.702379,1.45927,-0.246001,0.748659,1.80916,0.000459133,0.012949,-0.017098,0.0405467,0.0104496,-0.0133585,-1.60874,0.0462798,0.349885,1656960300
1.32216,0.69448,1.47133,1.3627,0.702299,1.45924,-0.24491,0.756455,1.80957,-0.00710817,0.017685,-0.0153943,0.0405372,0.00781894,-0.0120968,-1.60761,0.0541561,0.350334,1656960301
1.32347,0.69585,1.47307,1.36271,0.702265,1.4592,-0.241174,0.761161,1.80845,-0.0112593,0.0117335,-0.0139101,0.0392345,0.00641441,-0.0138725,-1.60388,0.0588967,0.349253,1656960301
1.32514,0.693755,1.4748,1.36278,0.702312,1.45924,-0.237734,0.76163,1.80826,-0.0102857,0.00973263,-0.00309063,0.0376388,0.00855643,-0.0155607,-1.60051,0.0593187,0.349017,1656960301
1.32601,0.691883,1.47444,1.36265,0.702257,1.45928,-0.234651,0.757745,1.80932,-0.00662282,0.0126405,-0.000108892,0.0366404,0.0103742,-0.0151612,-1.5973,0.0554872,0.35004,1656960301
1.32655,0.689043,1.47472,1.36268,0.702244,1.45928,-0.231615,0.750593,1.81023,-0.00233152,0.00327366,0.0160848,0.0361344,0.0132003,-0.0154449,-1.5943,0.0483488,0.350955,1656960301
1.32672,0.684639,1.47582,1.36276,0.702327,1.45928,-0.229522,0.744355,1.81042,-0.0032114,0.00311963,0.0194916,0.0360318,0.0176874,-0.0165347,-1.59228,0.0420288,0.351141,1656960302
1.32657,0.680596,1.47642,1.36275,0.702297,1.45924,-0.228224,0.732183,1.81085,-0.00136388,0.0019905,0.0209366,0.0361757,0.0217017,-0.0171765,-1.59097,0.0298861,0.351606,1656960302
1.32577,0.679874,1.47552,1.36277,0.702316,1.45923,-0.230937,0.726083,1.81012,0.00515292,0.0117432,0.00617778,0.0370063,0.0224416,-0.0162952,-1.59371,0.0237668,0.350888,1656960302
1.32479,0.680956,1.47397,1.36272,0.702295,1.45926,-0.235906,0.722692,1.80952,0.00848412,0.0148469,0.00047062,0.0379219,0.0213389,-0.0147107,-1.59862,0.0203976,0.350262,1656960303
1.32444,0.680852,1.47365,1.36283,0.702292,1.45923,-0.239217,0.724335,1.80848,0.00012149,0.0185555,-0.00335172,0.0383931,0.0214402,-0.0144222,-1.60205,0.0220432,0.349252,1656960303
1.32438,0.680031,1.4748,1.36261,0.702242,1.45922,-0.240835,0.728016,1.80638,-0.000655751,0.0125512,0.000359128,0.0382293,0.0222107,-0.0155736,-1.60344,0.0257742,0.347154,1656960303
1.32426,0.680817,1.47517,1.36264,0.702222,1.45926,-0.240178,0.736885,1.80533,0.00206484,0.00959602,-0.0105412,0.0383829,0.0214053,-0.0159093,-1.60282,0.034663,0.346075,1656960303
1.3239,0.682981,1.47477,1.36283,0.702265,1.45915,-0.238506,0.74647,1.80579,-0.00747262,0.0131832,-0.012841,0.0389314,0.019284,-0.0156277,-1.60134,0.0442046,0.346644,1656960303
1.32357,0.684997,1.47426,1.36275,0.702291,1.45923,-0.237517,0.754207,1.80621,-0.00464915,0.0200295,-0.0110155,0.0391855,0.017294,-0.0150303,-1.60027,0.0519163,0.346979,1656960304
1.32362,0.689322,1.47354,1.36276,0.702307,1.45923,-0.236492,0.762114,1.80503,-0.0152094,0.0106537,-0.00931456,0.0391405,0.0129856,-0.01431,-1.59925,0.0598067,0.345801,1656960304
1.32318,0.691498,1.47164,1.36282,0.702325,1.45923,-0.236504,0.76614,1.80376,-0.0186075,0.0108549,0.00309846,0.0396373,0.0108266,-0.0124062,-1.59932,0.0638146,0.344525,1656960304
1.32185,0.695021,1.46313,1.3628,0.70231,1.45925,-0.230946,0.769333,1.80299,-0.00854529,0.060637,-0.00973049,0.0409431,0.00728893,-0.00388622,-1.59374,0.0670226,0.343738,1656960304
1.32545,0.695622,1.46876,1.36285,0.702295,1.45931,-0.207828,0.771128,1.80188,-0.00477996,0.0273408,-0.00887029,0.0374011,0.0066734,-0.00944829,-1.57068,0.0688331,0.342569,1656960305
1.32956,0.695484,1.47003,1.36302,0.702295,1.45918,-0.170848,0.774478,1.80147,-0.011178,0.0216857,-0.00777089,0.0334613,0.00681108,-0.0108502,-1.53387,0.0721832,0.342287,1656960305
1.33314,0.694715,1.47156,1.36292,0.702367,1.45911,-0.136689,0.776694,1.80122,-0.0104959,0.010191,-0.00787013,0.0297713,0.00765222,-0.0124576,-1.4996,0.0743268,0.342117,1656960305
1.33624,0.695594,1.47087,1.36295,0.702336,1.45942,-0.102062,0.777603,1.80092,-0.0155699,0.0121536,-0.0112131,0.0267162,0.00674188,-0.0114553,-1.46501,0.0752676,0.341501,1656960305
1.33861,0.694141,1.47035,1.36252,0.702202,1.45926,-0.0679789,0.775325,1.80099,-0.00943343,0.0112062,-0.00955091,0.023908,0.00806051,-0.0110897,-1.4305,0.0731236,0.341735,1656960306
1.34102,0.691574,1.47117,1.36298,0.702345,1.45935,-0.0405847,0.769697,1.80194,-0.0120251,0.00588122,-0.00223611,0.0219601,0.0107711,-0.0118229,-1.40356,0.0673516,0.342589,1656960306
1.34357,0.68918,1.47398,1.36292,0.702319,1.4593,-0.0156965,0.763921,1.80367,-0.00717195,0.000552327,0.00140193,0.019354,0.0131397,-0.01468,-1.37862,0.0616015,0.344369,1656960306
1.34469,0.687154,1.47382,1.36261,0.702241,1.45921,0.0022957,0.75626,1.8063,-0.00364018,0.00258865,0.00131733,0.0179138,0.0150872,-0.0146079,-1.36031,0.0540186,0.347086,1656960306
1.34533,0.688294,1.47355,1.36259,0.702297,1.45898,0.0145491,0.749467,1.80799,-0.00848697,0.00915071,-0.000945517,0.0172601,0.0140024,-0.0145642,-1.34804,0.0471705,0.349009,1656960307
1.3468,0.687163,1.4816,1.3626,0.702153,1.45905,0.0219612,0.741137,1.80788,-0.00252189,0.00518196,0.000768081,0.0157943,0.0149907,-0.0225542,-1.34064,0.0389833,0.348834,1656960307
1.34369,0.68557,1.47759,1.36257,0.70213,1.45903,0.0243368,0.73563,1.80856,-0.00122092,0.00136968,0.00363496,0.0188777,0.0165597,-0.0185592,-1.33823,0.0334998,0.349533,1656960307
1.33957,0.685187,1.477,1.36278,0.702296,1.45895,0.0213657,0.733752,1.80986,-0.00541458,0.00737386,-0.00513865,0.023209,0.0171096,-0.0180562,-1.34142,0.0314552,0.350908,1656960307
1.3358,0.683632,1.47723,1.36259,0.702102,1.45898,0.0155415,0.734575,1.81017,-0.00281177,0.00944696,0.00429742,0.0267911,0.0184703,-0.0182532,-1.34704,0.0324733,0.351198,1656960308
1.33208,0.682552,1.47817,1.3626,0.702123,1.4591,0.0112106,0.739786,1.80972,-0.0132713,0.01014,0.00292573,0.0305223,0.0195707,-0.0190728,-1.35139,0.037663,0.350619,1656960308
1.32866,0.682811,1.47774,1.36259,0.702196,1.45901,0.005697,0.744933,1.80722,-0.0117829,0.0156078,0.00197694,0.0339382,0.0193855,-0.0187308,-1.3569,0.0427371,0.348205,1656960308
1.32543,0.684126,1.47719,1.3623,0.702119,1.45904,0.000554595,0.745471,1.80514,-0.00215341,0.0169579,0.000276596,0.0368711,0.0179933,-0.0181528,-1.36175,0.0433519,0.346098,1656960309
1.32223,0.685754,1.47545,1.36234,0.702189,1.45906,-0.00449581,0.745497,1.80584,-0.00290686,0.0200316,-0.00089017,0.0401108,0.0164348,-0.0163944,-1.36683,0.0433078,0.346789,1656960309
1.32026,0.686374,1.47557,1.36239,0.702184,1.45916,-0.00709307,0.744978,1.80563,-0.00706625,0.0158317,4.83474e-05,0.0421355,0.0158099,-0.016414,-1.36948,0.0427939,0.346471,1656960309
1.31958,0.686502,1.47759,1.3624,0.702174,1.45912,-0.0069234,0.746983,1.80521,-0.0131922,0.0144492,-0.0068219,0.0428112,0.015672,-0.0184706,-1.36932,0.0448091,0.346095,1656960309
1.31933,0.686009,1.47712,1.36231,0.702185,1.45906,-0.0049027,0.75008,1.80407,-0.00774358,0.0140304,0.00119396,0.0429866,0.0161763,-0.0180646,-1.36722,0.0478949,0.345014,1656960310
1.31948,0.686996,1.4769,1.36238,0.702144,1.45907,-0.00145501,0.754332,1.80358,-0.0186662,0.0109353,-0.0011468,0.042895,0.0151478,-0.0178277,-1.36383,0.052188,0.344509,1656960310
1.32019,0.687158,1.47688,1.36263,0.702259,1.45905,0.00338791,0.754425,1.80319,-0.010253,0.0143991,-0.00741065,0.0424397,0.0151015,-0.0178252,-1.35924,0.0521663,0.344134,1656960310
1.32099,0.68834,1.47667,1.36242,0.702192,1.45914,0.00874596,0.751481,1.80544,-0.0116593,0.0117683,-0.0032227,0.0414313,0.0138524,-0.0175358,-1.35368,0.0492895,0.346299,1656960310
1.32225,0.687201,1.4779,1.36236,0.702115,1.45908,0.0163729,0.744291,1.81004,-0.0106068,0.00876429,0.00788766,0.0401136,0.0149132,-0.0188119,-1.34599,0.0421764,0.350952,1656960311
1.3236,0.686705,1.47939,1.36311,0.702306,1.45892,0.027226,0.736623,1.81323,-0.00771233,0.00460268,0.00138914,0.0395052,0.0156013,-0.0204767,-1.33588,0.0343168,0.354315,1656960311
1.32514,0.687374,1.47973,1.36289,0.702091,1.4587,0.0374058,0.726158,1.81529,-0.00595825,0.00382373,-0.00833312,0.0377538,0.0147174,-0.0210271,-1.32549,0.0240667,0.356589,1656960311
1.32656,0.68664,1.4809,1.36277,0.702182,1.4588,0.0431646,0.72,1.81617,-0.00927515,-0.00363708,-0.00144076,0.0362022,0.0155419,-0.0221012,-1.3196,0.0178177,0.357369,1656960312
1.32696,0.685817,1.4799,1.36291,0.702198,1.45873,0.0449241,0.715892,1.81571,-0.00524784,0.00606543,0.000791554,0.0359476,0.0163804,-0.0211675,-1.31799,0.0136943,0.356975,1656960312
1.32652,0.684794,1.47821,1.36214,0.702074,1.45895,0.0432503,0.714571,1.8139,0.00196684,0.005394,-0.00427052,0.0356182,0.0172792,-0.0192564,-1.31889,0.0124978,0.354955,1656960312
1.32564,0.686579,1.47799,1.36293,0.702115,1.45871,0.0382103,0.718245,1.81347,-0.00355141,0.00852492,-0.0064626,0.0372827,0.0155362,-0.0192807,-1.32472,0.0161304,0.35476,1656960313
1.32469,0.687532,1.47724,1.36267,0.702125,1.4588,0.0326786,0.723284,1.81242,-0.00134437,0.0114027,-0.00800952,0.0379765,0.0145925,-0.0184325,-1.32999,0.0211598,0.353615,1656960313
1.32379,0.687934,1.47673,1.36257,0.70211,1.4586,0.0267589,0.728498,1.81059,-0.0039084,0.0136658,-0.00759664,0.0387803,0.0141759,-0.0181227,-1.33581,0.0263877,0.351982,1656960313
1.32352,0.687654,1.47733,1.36307,0.702191,1.4589,0.0242001,0.733825,1.81037,-0.00443372,2.57409e-06,0.00118443,0.0395468,0.014537,-0.0184282,-1.33887,0.0316341,0.351467,1656960313
1.32225,0.688569,1.4744,1.36304,0.702196,1.45882,0.0204217,0.742165,1.80858,-0.00454658,0.0106512,0.0101688,0.0407879,0.0136275,-0.0155815,-1.34262,0.039969,0.349761,1656960314
1.32119,0.687734,1.47335,1.36239,0.702085,1.45908,0.0184968,0.745933,1.80856,-0.0104445,0.00574979,0.0218102,0.0412073,0.0143512,-0.0142651,-1.3439,0.0438479,0.349481,1656960314
1.31993,0.68705,1.47296,1.36232,0.702119,1.45904,0.0172926,0.74727,1.80769,-0.00510632,0.0127702,0.0145303,0.0423905,0.0150692,-0.0139244,-1.34503,0.0451508,0.348654,1656960314
1.31928,0.688671,1.47204,1.36246,0.702215,1.45911,0.0174985,0.747879,1.80697,-0.00410625,0.0058131,0.00680312,0.0431774,0.0135444,-0.0129248,-1.34496,0.0456636,0.347857,1656960315
1.31895,0.689529,1.47256,1.36216,0.702213,1.4591,0.0149757,0.750866,1.80906,-0.00612878,0.00661218,0.0124491,0.0432168,0.0126834,-0.01346,-1.34719,0.0486531,0.349964,1656960315
1.31895,0.689296,1.47369,1.36237,0.70221,1.45913,0.0117911,0.756771,1.81197,-0.0211689,0.0120616,0.0190498,0.0434216,0.0129132,-0.014557,-1.35058,0.0545613,0.35284,1656960315
1.31961,0.68765,1.47435,1.36226,0.702057,1.45894,0.0113971,0.75809,1.8127,-0.0128196,0.0112221,0.0169748,0.0426484,0.0144065,-0.0154167,-1.35086,0.0560331,0.353761,1656960315
1.32033,0.686083,1.47454,1.36225,0.70205,1.45896,0.0133988,0.756247,1.81222,-0.00991648,0.0128689,0.0155654,0.0419173,0.0159669,-0.0155742,-1.34885,0.054197,0.353259,1656960316
1.32145,0.684038,1.47673,1.36228,0.702091,1.45899,0.0169823,0.752824,1.811,-0.00764828,0.00370881,0.0177609,0.0408304,0.0180528,-0.0177472,-1.34529,0.0507339,0.352014,1656960316
1.32128,0.682863,1.47501,1.36229,0.702096,1.45892,0.020027,0.751019,1.81004,-0.0105304,0.00676484,0.0196555,0.0410141,0.0192326,-0.0160882,-1.34226,0.0489228,0.351119,1656960316
1.32189,0.682051,1.47697,1.3623,0.702068,1.45893,0.0216876,0.750279,1.80967,-0.00865541,0.00722876,0.0173043,0.0404048,0.0200169,-0.0180457,-1.34061,0.0482116,0.350746,1656960317
1.32219,0.68286,1.47734,1.36242,0.702127,1.45906,0.0225112,0.750102,1.80902,-0.0091086,0.0049523,0.0102344,0.0402284,0.0192669,-0.0182832,-1.3399,0.0479749,0.349966,1656960317
1.32227,0.681887,1.47743,1.36227,0.702083,1.45895,0.0207479,0.750396,1.80975,-0.00254047,0.011113,0.00925415,0.0399963,0.0201964,-0.0184804,-1.34152,0.0483133,0.350808,1656960317
1.32215,0.680354,1.47825,1.36226,0.702079,1.45894,0.0196411,0.753853,1.80982,-0.0103301,0.00431528,0.00668558,0.0401055,0.0217254,-0.0193132,-1.34262,0.0517733,0.350884,1656960317
1.32223,0.680074,1.47841,1.36231,0.702067,1.4589,0.0174904,0.757355,1.81054,-0.00742884,0.00535457,0.000694829,0.0400841,0.0219925,-0.0195134,-1.34482,0.0552889,0.351645,1656960318
1.32192,0.680246,1.47815,1.3622,0.701992,1.459,0.0108663,0.762231,1.81122,-0.0108178,0.00716384,0.00132264,0.040279,0.0217468,-0.0191509,-1.35134,0.0602388,0.352222,1656960318
1.32132,0.681985,1.47788,1.36206,0.702105,1.45881,0.00569425,0.766593,1.81052,-0.00820167,0.0142784,-0.0160551,0.0407361,0.0201204,-0.0190716,-1.35636,0.0644884,0.351702,1656960318
1.3208,0.683266,1.47859,1.36299,0.702335,1.45902,-0.000503448,0.770564,1.81117,-0.012535,0.014356,-0.011367,0.0421891,0.0190697,-0.0195681,-1.36349,0.0682286,0.352145,1656960318
1.31994,0.684091,1.47776,1.36434,0.699885,1.46066,-0.00560818,0.774087,1.8104,-0.0124768,0.0123585,-0.00196308,0.0444038,0.0157941,-0.0170954,-1.36995,0.0742018,0.349739,1656960319
1.31989,0.685744,1.47887,1.36418,0.699449,1.4606,-0.00890413,0.778846,1.80931,-0.0119485,0.00984677,-0.00967836,0.0442892,0.0137052,-0.0182729,-1.37308,0.0793972,0.348713,1656960319
1.31949,0.687344,1.47826,1.36412,0.69951,1.46067,-0.0136358,0.785951,1.80898,-0.0182561,0.0143879,-0.00850492,0.0446255,0.0121654,-0.0175893,-1.37775,0.086441,0.34831,1656960319
1.31811,0.687402,1.47201,1.36418,0.69948,1.4606,-0.0124532,0.789686,1.80812,-0.0195602,0.0614272,-0.00659678,0.0460724,0.0120782,-0.0114154,-1.37663,0.0902063,0.34752,1656960319
1.32148,0.687093,1.47656,1.36416,0.699492,1.46062,0.0143376,0.787237,1.80409,-0.0190646,0.0271378,-0.00276109,0.0426811,0.0123984,-0.0159447,-1.34982,0.0877451,0.343472,1656960320
1.32785,0.68621,1.47767,1.36202,0.702103,1.45902,0.075883,0.770565,1.79965,-0.00695433,0.0134737,-0.0160004,0.034163,0.0158933,-0.0186534,-1.28613,0.0684617,0.340624,1656960320
1.33203,0.68527,1.47771,1.36293,0.702092,1.45866,0.118669,0.755756,1.79901,-0.00516861,0.00935737,-0.0111436,0.0308996,0.0168223,-0.0190443,-1.24426,0.0536638,0.340344,1656960320
1.33643,0.683143,1.47853,1.36271,0.701772,1.4588,0.158142,0.741366,1.79955,-0.00659611,0.00651484,0.00387055,0.0262811,0.0186294,-0.019731,-1.20457,0.0395941,0.340757,1656960321
1.34014,0.68034,1.48017,1.36296,0.702103,1.45874,0.196233,0.72815,1.80126,-0.000770829,-0.000129916,0.000636806,0.0228146,0.0217631,-0.0214341,-1.16673,0.0260466,0.342518,1656960321
1.34277,0.67858,1.48083,1.36283,0.70212,1.45868,0.226723,0.723429,1.80201,-0.00135553,0.00979663,0.00228956,0.0200613,0.0235395,-0.0221486,-1.13611,0.021309,0.343334,1656960321
1.34524,0.678392,1.48443,1.36302,0.702093,1.45873,0.252921,0.72445,1.8039,-0.00921645,0.00129508,0.00129466,0.017778,0.0237015,-0.0256994,-1.1101,0.0223567,0.34517,1656960321
1.34705,0.67746,1.48408,1.36296,0.702136,1.45875,0.279332,0.725361,1.80428,-0.00540095,-0.00201345,-0.000178011,0.0159091,0.0246756,-0.0253347,-1.08362,0.0232251,0.345535,1656960322
1.34851,0.676459,1.48483,1.36347,0.702247,1.45907,0.29535,0.725653,1.80657,-0.0127391,0.000578888,-0.00055786,0.0149632,0.0257884,-0.0257516,-1.06812,0.0234063,0.347501,1656960322
1.35046,0.674624,1.49146,1.36301,0.702118,1.45892,0.304466,0.719008,1.80842,-0.00409829,0.00156964,0.00789795,0.0125529,0.027494,-0.0325441,-1.05854,0.0168896,0.349502,1656960322
1.34725,0.67463,1.48724,1.36307,0.702086,1.4588,0.308034,0.711648,1.8079,0.0023095,0.00532593,0.00469032,0.0158285,0.0274557,-0.0284442,-1.05504,0.00956219,0.3491,1656960323
1.3403,0.674547,1.48506,1.36321,0.702145,1.45894,0.30845,0.703508,1.80739,-0.00648209,0.00978208,0.00384814,0.0229167,0.0275981,-0.0261194,-1.05476,0.00136316,0.348446,1656960323
1.33568,0.673057,1.48552,1.36317,0.702242,1.45895,0.30593,0.685906,1.80719,-0.000274536,0.00816276,0.0138357,0.0274845,0.0291852,-0.0265703,-1.05724,-0.0163366,0.348247,1656960323
1.33093,0.674792,1.48589,1.36309,0.701942,1.4588,0.298684,0.678402,1.80623,0.00529196,0.00666666,0.00431607,0.0321555,0.0271502,-0.0270823,-1.0644,-0.0235394,0.347425,1656960324
1.32666,0.674984,1.48706,1.36267,0.702009,1.45893,0.288029,0.676319,1.80685,0.00194054,0.0102489,0.011993,0.036011,0.0270252,-0.0281305,-1.07464,-0.0256905,0.347915,1656960324
1.32279,0.675666,1.4873,1.36271,0.702093,1.459,0.278913,0.676297,1.8098,0.00500896,0.0221273,0.00788928,0.0399204,0.0264266,-0.0283055,-1.0838,-0.0257959,0.3508,1656960324
1.32006,0.675085,1.48354,1.36274,0.702063,1.45899,0.276425,0.679135,1.81157,0.00679121,0.0187905,0.0154133,0.0426767,0.0269779,-0.0245531,-1.08632,-0.0229287,0.352584,1656960324
1.31846,0.67582,1.48501,1.36304,0.702001,1.45874,0.279853,0.688419,1.8127,-0.00227912,0.00726015,0.00329286,0.044578,0.0261807,-0.0262672,-1.08319,-0.0135813,0.35396,1656960325
1.31558,0.678351,1.48723,1.36313,0.702188,1.45882,0.283399,0.700308,1.81352,-0.0117762,0.0105819,0.00690241,0.0475454,0.0238366,-0.028415,-1.07973,-0.00187993,0.354701,1656960325
1.3159,0.680253,1.48866,1.363,0.702146,1.4588,0.288467,0.709685,1.81229,-0.00354071,0.00672919,-0.00551098,0.0471022,0.0218931,-0.0298616,-1.07453,0.00753868,0.353493,1656960325
1.31598,0.681062,1.48857,1.36319,0.702152,1.45858,0.289586,0.714229,1.81244,-0.000660396,0.0097651,-0.0051742,0.0472107,0.0210909,-0.0299877,-1.07361,0.0120766,0.353865,1656960326
1.31624,0.683343,1.48863,1.36308,0.702103,1.45877,0.288604,0.717009,1.8116,-0.000467204,0.00611743,-0.00891705,0.0468404,0.0187601,-0.0298629,-1.07448,0.0149055,0.352834,1656960326
1.31658,0.685049,1.48299,1.36344,0.702246,1.45897,0.284823,0.720108,1.81104,0.00131444,0.00262752,-0.0136634,0.04686,0.0171976,-0.0240136,-1.07862,0.0178617,0.352069,1656960326
1.31734,0.685695,1.48197,1.36347,0.70226,1.45902,0.279173,0.725817,1.81013,-0.000149625,0.00593759,-0.0175336,0.046121,0.016565,-0.0229483,-1.08429,0.0235564,0.351109,1656960326
1.31702,0.686302,1.48093,1.36295,0.702094,1.4587,0.27378,0.733355,1.80908,-0.00330191,0.0141338,-0.0076729,0.0459259,0.0157914,-0.0222297,-1.08917,0.031261,0.35038,1656960327
1.31664,0.686217,1.47975,1.36325,0.702158,1.45887,0.270465,0.741858,1.80892,-0.0118096,0.00849248,-0.00772947,0.0466086,0.0159407,-0.0208806,-1.09279,0.0397,0.350056,1656960327
1.3158,0.686822,1.47353,1.36286,0.702179,1.45884,0.266676,0.751411,1.80718,-0.0138582,0.0138978,-0.00415565,0.0470629,0.0153568,-0.0146993,-1.09619,0.0492325,0.348349,1656960327
1.31685,0.685996,1.47454,1.36385,0.701875,1.45919,0.266056,0.758969,1.80669,-0.00785533,0.0123755,-0.00463497,0.0469993,0.0158795,-0.0153527,-1.0978,0.0570931,0.347501,1656960328
1.31645,0.685315,1.47253,1.36334,0.70192,1.45907,0.266275,0.767497,1.80425,-0.0126778,0.0114795,-0.00515828,0.0468954,0.0166054,-0.013464,-1.09707,0.0655761,0.345181,1656960328
1.31636,0.685753,1.47125,1.36359,0.701804,1.45904,0.26586,0.769771,1.80368,-0.0199016,0.0163448,-0.00539021,0.0472305,0.0160507,-0.0122048,-1.09773,0.0679668,0.344639,1656960328
1.31657,0.685023,1.47027,1.36368,0.701798,1.45907,0.266344,0.763879,1.80356,-0.0162787,0.0161182,-0.00327159,0.0471119,0.0167746,-0.0112023,-1.09734,0.0620813,0.344492,1656960328
1.31716,0.684178,1.46987,1.36287,0.702019,1.45887,0.268932,0.751328,1.80309,-0.00700881,0.0117538,-0.0103543,0.0457152,0.0178403,-0.011001,-1.09394,0.0493091,0.344221,1656960329
1.31837,0.682473,1.47198,1.36301,0.702063,1.45871,0.270165,0.739008,1.80256,-0.00380643,0.0113948,-0.00933374,0.0446383,0.0195895,-0.0132726,-1.09284,0.036945,0.343847,1656960329
1.3189,0.679821,1.47156,1.36295,0.702089,1.45868,0.270404,0.727141,1.80215,0.00615679,0.0114768,-0.00160133,0.0440509,0.0222682,-0.0128845,-1.09255,0.0250516,0.343476,1656960329
1.31902,0.678169,1.472,1.36294,0.702024,1.45861,0.26653,0.718519,1.80316,-0.00139562,0.0138401,0.00692483,0.0439198,0.0238547,-0.0133843,-1.09641,0.0164948,0.344545,1656960330
1.3189,0.67759,1.47305,1.36289,0.702215,1.45881,0.266443,0.716225,1.8026,-0.00499927,0.0178129,0.00665675,0.0439856,0.0246251,-0.0142452,-1.09644,0.0140094,0.343788,1656960330
1.31911,0.67578,1.47463,1.3629,0.702032,1.4586,0.267487,0.715137,1.80453,-0.00528854,0.0139128,0.0156568,0.0437874,0.026252,-0.0160327,-1.09541,0.0131049,0.345933,1656960330
1.31956,0.675597,1.47517,1.36294,0.702044,1.45867,0.270627,0.716047,1.80627,-0.00697585,0.00811326,0.00471863,0.043377,0.0264462,-0.0165029,-1.09231,0.0140037,0.347602,1656960330
1.31957,0.675756,1.47493,1.36353,0.70227,1.45909,0.273059,0.717087,1.80768,-0.00608417,0.014168,-0.00478234,0.0439614,0.0265136,-0.0158415,-1.09047,0.0148168,0.348597,1656960331
1.31998,0.674856,1.47663,1.36314,0.702145,1.45885,0.274811,0.715275,1.8081,0.00018965,0.0100675,-0.000260578,0.0431635,0.0272889,-0.017779,-1.08833,0.0131302,0.349255,1656960331
1.31931,0.675101,1.47705,1.3631,0.702101,1.45878,0.273749,0.712255,1.80906,0.00306894,0.0143417,-0.00592219,0.0437968,0.0269995,-0.0182768,-1.08935,0.010154,0.350278,1656960331
1.31865,0.675534,1.47656,1.36308,0.702087,1.45875,0.27126,0.710968,1.8131,0.00480715,0.015323,-0.00325723,0.0444268,0.0265531,-0.0178068,-1.09182,0.00888103,0.354348,1656960331
1.31814,0.676096,1.47692,1.36312,0.702088,1.45878,0.26923,0.710958,1.81558,0.00423795,0.0134541,-0.00548911,0.0449808,0.0259922,-0.0181396,-1.09389,0.00886929,0.356792,1656960332
1.31801,0.676787,1.47766,1.36312,0.702082,1.45876,0.266582,0.713838,1.81577,0.00337699,0.00768868,0.00701802,0.0451148,0.0252944,-0.0188999,-1.09654,0.0117561,0.357006,1656960332
1.31803,0.679332,1.47739,1.36317,0.70217,1.45881,0.262852,0.723755,1.81575,0.00268426,0.0128661,-0.00320118,0.0451454,0.0228384,-0.01858,-1.10032,0.0215852,0.356944,1656960332
1.31768,0.680956,1.47613,1.36318,0.702063,1.45886,0.257289,0.73877,1.81487,-0.00425011,0.0104517,-0.00128074,0.0455023,0.0211065,-0.0172608,-1.10589,0.036707,0.356004,1656960332
1.31744,0.683758,1.47554,1.36331,0.702177,1.45886,0.25287,0.756765,1.81321,-0.00947563,0.0130229,-0.00710356,0.0458677,0.0184192,-0.0166849,-1.11044,0.0545874,0.354354,1656960333
1.31716,0.685269,1.47589,1.36327,0.702212,1.45888,0.250583,0.773132,1.81094,-0.0165487,0.00466032,-0.0124698,0.0461061,0.0169435,-0.0170093,-1.11269,0.0709196,0.352056,1656960333
1.317,0.686106,1.47586,1.3642,0.702031,1.4593,0.24795,0.787645,1.80806,-0.0149866,0.00999067,-0.0178793,0.0472047,0.015925,-0.016565,-1.11625,0.0856141,0.348768,1656960333
1.31659,0.687246,1.47433,1.3639,0.702123,1.45922,0.244161,0.797134,1.80604,-0.0128882,0.0117765,-0.013568,0.0473119,0.0148769,-0.0151105,-1.11974,0.095011,0.346824,1656960334
1.31699,0.688001,1.47472,1.36384,0.70205,1.45908,0.241011,0.802534,1.80237,-0.016525,0.0105743,-0.00781894,0.046851,0.0140488,-0.0156358,-1.12283,0.100485,0.343286,1656960334
1.31693,0.687613,1.47399,1.36379,0.701899,1.45903,0.2376,0.803379,1.79911,-0.0122778,0.0169857,-0.000216571,0.0468613,0.0142868,-0.0149546,-1.12619,0.10148,0.340074,1656960334
1.31614,0.687051,1.47058,1.3637,0.701858,1.45909,0.237084,0.802109,1.79719,-0.0103129,0.0429942,0.00230907,0.047565,0.014807,-0.0114905,-1.12662,0.100251,0.338107,1656960334
1.31847,0.688898,1.47205,1.36331,0.702177,1.4589,0.255809,0.802212,1.7972,-0.0166073,0.0385129,-0.010689,0.044843,0.0132789,-0.0131507,-1.10751,0.100036,0.338296,1656960335
1.32271,0.68726,1.47343,1.36465,0.701772,1.45969,0.295248,0.799764,1.7965,-0.0135063,0.0181086,0.00220692,0.0419433,0.0145115,-0.0137447,-1.0694,0.097992,0.336808,1656960335
1.32655,0.685492,1.47219,1.36385,0.701891,1.45918,0.335781,0.796768,1.79794,-0.00994382,0.0232332,-0.00356001,0.0372916,0.0163983,-0.0130138,-1.02806,0.0948768,0.338759,1656960335
1.33031,0.682963,1.47248,1.36382,0.70186,1.45915,0.378328,0.792603,1.798,-0.0112451,0.00897476,0.00249921,0.0335057,0.018897,-0.0133318,-0.985489,0.0907422,0.33885,1656960336
1.33328,0.681992,1.47111,1.36391,0.701945,1.4591,0.418012,0.793211,1.79899,-0.0137461,0.0117641,-0.0105699,0.0306325,0.0199534,-0.0120053,-0.945898,0.0912662,0.339891,1656960336
1.33595,0.680193,1.47261,1.36375,0.701736,1.459,0.45009,0.7917,1.80118,-0.0164663,-0.00039821,-0.00494408,0.0278,0.0215437,-0.0136157,-0.913663,0.0899631,0.342182,1656960336
1.3381,0.678887,1.47391,1.36412,0.699749,1.46039,0.474833,0.791553,1.80418,-0.0115402,0.00129308,-0.000584795,0.0260192,0.0208622,-0.0135199,-0.889282,0.0918037,0.343791,1656960336
1.33913,0.679471,1.47322,1.36411,0.699729,1.46035,0.490004,0.793028,1.80689,-0.0183244,0.00993331,-0.0116206,0.0249871,0.020258,-0.0128735,-0.87411,0.0932995,0.346544,1656960337
1.34,0.679832,1.47422,1.36415,0.700258,1.46009,0.49671,0.792635,1.80849,-0.0093096,0.0109147,0.00262821,0.0241531,0.0204261,-0.0141319,-0.867444,0.0923765,0.348399,1656960337
1.34119,0.68,1.47761,1.36419,0.699734,1.46043,0.500498,0.791205,1.8092,-0.0155771,0.00268198,0.015039,0.0229954,0.0197337,-0.0171834,-0.863692,0.091471,0.348771,1656960337
1.33878,0.678721,1.47541,1.36418,0.699719,1.46041,0.49992,0.789482,1.80939,-0.019569,0.00795308,0.0101326,0.0253959,0.0209978,-0.0149934,-0.864256,0.089763,0.348979,1656960338
1.33477,0.679185,1.47421,1.36421,0.699634,1.46033,0.500352,0.783728,1.80919,-0.0097428,0.0176032,-0.00370589,0.0294349,0.0204484,-0.0138714,-0.863856,0.0840941,0.348853,1656960338
1.32741,0.678377,1.47572,1.36415,0.699645,1.46036,0.50248,0.771577,1.81087,-0.0165232,0.0109146,0.0101179,0.0367448,0.0212675,-0.0153555,-0.86167,0.071932,0.350502,1656960338
1.32423,0.675845,1.47619,1.36409,0.699671,1.46026,0.505228,0.756777,1.81262,-0.00260321,0.013708,0.00593352,0.0398571,0.0238252,-0.0159305,-0.85886,0.0571067,0.352361,1656960339
1.3215,0.674288,1.47543,1.36409,0.700049,1.46006,0.510209,0.741964,1.81405,-0.00823501,0.0149388,0.0172053,0.0425857,0.0257604,-0.0153742,-0.853881,0.0419152,0.353995,1656960339
1.32,0.673772,1.47628,1.36407,0.700099,1.45997,0.514599,0.733595,1.81461,-0.00264383,0.00624464,0.0126596,0.0440743,0.0263269,-0.0163046,-0.849472,0.0334956,0.354642,1656960339
1.31827,0.673483,1.47344,1.36403,0.700068,1.45993,0.518583,0.73146,1.81382,-0.00800359,0.00783643,0.00855534,0.0457584,0.0265844,-0.0135132,-0.845446,0.0313926,0.353894,1656960340
1.31859,0.673806,1.47352,1.36383,0.700161,1.46008,0.52517,0.732562,1.81195,-0.0044537,0.00596475,-0.00132434,0.0452383,0.0263551,-0.0134416,-0.838656,0.0324014,0.351869,1656960340
1.31859,0.673888,1.47332,1.36387,0.699582,1.46046,0.526692,0.736096,1.81025,-0.0152766,0.0127725,0.00384411,0.0452809,0.0256947,-0.0128618,-0.837179,0.036514,0.349795,1656960340
1.31867,0.674412,1.47397,1.36418,0.699538,1.46037,0.527747,0.73949,1.80824,-0.0121144,0.0140986,-0.0105589,0.0455101,0.0251259,-0.0136017,-0.836432,0.0399522,0.347874,1656960341
1.31831,0.674973,1.47021,1.36413,0.699519,1.4604,0.528245,0.736031,1.80899,-0.0134681,0.00711454,-0.00213181,0.0458164,0.024546,-0.00980127,-0.835881,0.036512,0.348581,1656960341
1.3185,0.673509,1.4737,1.36375,0.700138,1.46003,0.525822,0.727812,1.8088,-0.0100259,0.0165687,0.00584927,0.045249,0.0266289,-0.013667,-0.837923,0.0276743,0.348762,1656960341
1.31854,0.67357,1.47505,1.36421,0.700248,1.46012,0.526577,0.718225,1.81004,-0.0073646,0.0128904,0.0083161,0.0456719,0.0266781,-0.0149311,-0.837635,0.0179769,0.349921,1656960341
1.31916,0.674657,1.47552,1.3641,0.699633,1.46035,0.531857,0.707904,1.80854,-0.00655466,0.0061978,-0.00425301,0.0449421,0.0249761,-0.0151699,-0.832248,0.00827062,0.348187,1656960342
1.31783,0.676466,1.47217,1.36432,0.699687,1.46048,0.534063,0.698616,1.80781,-0.000460708,0.00374275,-0.0104945,0.0464954,0.0232213,-0.0116935,-0.830259,-0.00107151,0.347327,1656960342
1.31809,0.674919,1.47531,1.36416,0.699606,1.46035,0.53237,0.690085,1.80797,-0.00106133,0.0106779,-0.00847837,0.0460685,0.0246864,-0.0149558,-0.831792,-0.00952065,0.347616,1656960342
1.31741,0.673155,1.47544,1.36399,0.699676,1.46048,0.53117,0.681561,1.81065,0.00238741,0.0103448,0.00457394,0.0465723,0.0265214,-0.0149592,-0.832816,-0.0181153,0.350167,1656960343
1.31745,0.672028,1.47631,1.36397,0.700212,1.46016,0.531084,0.677191,1.81125,0.0156342,0.0113035,-0.000822361,0.0465184,0.0281833,-0.0161471,-0.832884,-0.0230205,0.351092,1656960343
1.31723,0.671344,1.47579,1.36399,0.700209,1.46013,0.529895,0.679517,1.81111,0.00714082,0.0107149,0.000550885,0.0467649,0.0288651,-0.0156622,-0.834095,-0.0206922,0.350984,1656960343
1.31691,0.672166,1.47533,1.36398,0.699769,1.46046,0.528961,0.684844,1.81233,0.00568391,0.012482,0.00306566,0.0470715,0.0276032,-0.0148662,-0.83502,-0.0149255,0.351863,1656960344
1.3175,0.674112,1.47634,1.36427,0.699597,1.4604,0.528702,0.694492,1.81189,5.06738e-05,0.00840896,0.00570776,0.0467726,0.0254845,-0.0159409,-0.835568,-0.00510466,0.351494,1656960344
1.31697,0.676414,1.47463,1.36391,0.699728,1.46049,0.526678,0.707843,1.81188,-0.0069718,0.0142005,0.0118059,0.0469369,0.023314,-0.0141407,-0.837234,0.00811517,0.351384,1656960344
1.31608,0.677228,1.47427,1.36405,0.700039,1.45993,0.526343,0.721004,1.81133,-0.0155097,0.0137827,0.0187033,0.047971,0.0228103,-0.014339,-0.837709,0.0209652,0.351393,1656960344
1.31586,0.677558,1.47392,1.3641,0.700059,1.45996,0.527283,0.729138,1.81163,-0.011691,0.00877763,0.0183188,0.0482435,0.022501,-0.0139557,-0.836818,0.0290787,0.351664,1656960345
1.31547,0.67766,1.4741,1.36416,0.699443,1.46034,0.526477,0.735631,1.8105,-0.0116824,0.0103321,0.0200863,0.0486917,0.0217829,-0.0137537,-0.837683,0.0361875,0.350155,1656960345
1.31588,0.680491,1.47412,1.36415,0.699594,1.46031,0.529581,0.741747,1.80825,-0.0128798,0.00913959,0.00630759,0.0482748,0.019103,-0.0138128,-0.834572,0.0421524,0.347939,1656960345
1.31631,0.682157,1.47376,1.36409,0.699515,1.46042,0.533346,0.74284,1.80732,-0.00986915,0.00726602,-0.00818083,0.0477824,0.0173582,-0.0133395,-0.830746,0.0433248,0.346898,1656960346
1.3166,0.68093,1.47407,1.36414,0.699552,1.46031,0.535356,0.739151,1.80724,-0.0130063,0.00868384,0.0108433,0.0475372,0.0186219,-0.013759,-0.828786,0.0395994,0.346933,1656960346
1.31723,0.680039,1.47404,1.3641,0.699491,1.46024,0.539068,0.732158,1.80541,0.000361641,0.00602345,-0.00412548,0.046876,0.0194517,-0.0138068,-0.825036,0.0326665,0.345176,1656960346
1.31717,0.678386,1.47381,1.36409,0.699494,1.46022,0.538974,0.727412,1.80522,-0.00379562,0.00496596,0.00910305,0.046918,0.0211082,-0.0135915,-0.825118,0.0279185,0.344998,1656960347
1.3171,0.677617,1.47439,1.364,0.700068,1.45992,0.533751,0.728541,1.8066,-0.00633579,0.00616329,0.0033771,0.0469071,0.0224513,-0.0144682,-0.830253,0.0284728,0.346684,1656960347
1.31672,0.677347,1.47435,1.36386,0.699573,1.46035,0.528534,0.732054,1.80903,-0.00284418,0.0120283,-0.00158168,0.0471399,0.022226,-0.013997,-0.835323,0.0324812,0.348684,1656960347
1.31647,0.679299,1.47349,1.36421,0.699552,1.46035,0.526549,0.742583,1.80949,-0.0109539,0.0188214,-0.0154954,0.0477401,0.0202528,-0.0131403,-0.837658,0.0430312,0.349138,1656960347
1.31661,0.680591,1.47376,1.36418,0.699618,1.46035,0.527296,0.749659,1.81148,-0.0199185,0.0167501,-0.0159671,0.0475711,0.0190262,-0.013417,-0.836887,0.050041,0.351137,1656960348
1.31788,0.678363,1.47707,1.36384,0.699652,1.46049,0.528733,0.747269,1.81113,-0.0153994,0.0155341,0.00423528,0.0459609,0.0212891,-0.0165839,-0.835106,0.0476167,0.350642,1656960348
1.31727,0.675271,1.47698,1.36386,0.699554,1.46043,0.52716,0.738382,1.81,-0.00343321,0.013585,0.00917265,0.0465943,0.0242829,-0.0165483,-0.836704,0.0388281,0.34957,1656960348
1.31626,0.673229,1.47693,1.36412,0.69952,1.46022,0.521513,0.730662,1.80943,-0.000191356,0.0122206,0.0108165,0.0478578,0.0262914,-0.0167123,-0.842607,0.0311421,0.349209,1656960348
1.3131,0.677246,1.47237,1.36404,0.6995,1.46022,0.513061,0.725898,1.80779,-0.00215658,0.0171229,-0.00240725,0.0509323,0.022254,-0.0121512,-0.850975,0.0263979,0.34757,1656960349
1.31242,0.676831,1.4728,1.36392,0.699959,1.45994,0.504965,0.717841,1.80794,-0.00320299,0.0142343,0.0125772,0.0514954,0.023128,-0.0128613,-0.858952,0.0178814,0.348001,1656960349
1.31168,0.675761,1.47066,1.36419,0.699594,1.46035,0.501453,0.712168,1.80712,-0.000446993,0.0425951,0.010891,0.0525045,0.0238334,-0.0103149,-0.862736,0.0125743,0.346772,1656960349
1.31356,0.675146,1.47063,1.36392,0.699702,1.46043,0.517403,0.712958,1.80573,0.00924552,0.0510443,0.00686387,0.0503531,0.0245569,-0.0102,-0.846515,0.0132551,0.345302,1656960350
1.31808,0.675192,1.47203,1.36411,0.699766,1.45999,0.566313,0.721994,1.80237,-0.00514769,0.0242076,-0.0151285,0.0460278,0.0245745,-0.0120362,-0.797796,0.0222279,0.342373,1656960350
1.32208,0.673968,1.47227,1.36427,0.699692,1.46041,0.616155,0.725975,1.80079,-0.00159186,0.00855246,-0.00451448,0.042197,0.0257236,-0.0118557,-0.748119,0.026283,0.34038,1656960350
1.32867,0.679296,1.47019,1.36405,0.699726,1.46048,0.656252,0.729918,1.80056,-0.00854687,0.00674056,-0.00405799,0.0353738,0.0204293,-0.00971329,-0.707794,0.030192,0.340085,1656960351
1.33282,0.681824,1.47028,1.36384,0.699496,1.46023,0.697342,0.735231,1.80115,-0.00479637,0.0104856,-0.0124898,0.031019,0.0176723,-0.0100499,-0.666493,0.0357355,0.340922,1656960351
1.33962,0.680946,1.4722,1.36378,0.699475,1.46023,0.731676,0.736842,1.80208,0.00129614,0.0038127,-0.0126397,0.0241574,0.0185294,-0.0119722,-0.632104,0.0373673,0.341857,1656960351
1.34607,0.684364,1.47537,1.36382,0.699716,1.46035,0.759485,0.735397,1.8039,-0.0129442,0.00420619,-0.00566221,0.0177521,0.0153518,-0.0150257,-0.604337,0.0356816,0.343553,1656960351
1.3448,0.682415,1.47477,1.36399,0.699392,1.46043,0.783819,0.728632,1.80656,-0.0142352,-0.00447034,-0.0117916,0.0191944,0.0169767,-0.0143421,-0.580176,0.0292402,0.346132,1656960352
1.33943,0.680301,1.47164,1.36407,0.69966,1.46054,0.800718,0.715189,1.80703,0.00425384